00001000000010110000011111010000
00001000000011110000000000000100
00001000000000010000000000000011
00001000000000100000000000000100
00011100001000100001100000000000
00001000000010100000000000000000
00001101010011110000000000000000
00111100000000000110000000000000
00000001011011000110100000000000
00000000000000110001000000000000
01011001101000100000000000000000
01100000001000000000000001100000
00000000000000000000000000000000
01100000010000000000000001100000
00000000000000000000000000000000
00001000000001000000000000000001
00001000000010100000000000000001
00001101010011110000000000000000
00111100000000000110000000000000
00000001011011000110100000000000
00000000000001000001000000000000
01011001101000100000000000000000
01101000000000000000000001100100
00000000000000000000000000000000
00001000000001000000000000000000
00100000001000100010100000000000
00001000000010100000000000000011
00001101010011110000000000000000
00111100000000000110000000000000
00000001011011000110100000000000
00000000000001010001000000000000
01011001101000100000000000000000
01100100001000000000000010110100
00000000000000000000000000000000
01100100010000000000000010110100
00000000000000000000000000000000
00001000000001100000000000000000
00001000000010100000000000000100
00001101010011110000000000000000
00111100000000000110000000000000
00000001011011000110100000000000
00000000000001100001000000000000
01011001101000100000000000000000
01101000000000000000000010111000
00000000000000000000000000000000
00001000000001100000000000000001
01100001011010110000000010111000
00000000000000000000000000000000
