00001000000010100000000000000101
00001000000000010000000000000001
00001000000000100000000000000001
00001000000010110000011111010000
00001000000011110000000000000100
00001000010000110000000000000000
00000000010000010001000000000000
00001000011000010000000000000000
00001101010011110000000000000000
00111100000000000110000000000000
00000001011011000110100000000000
01011101101000100000000000000000
00001001010010101111111111111111
01100101010000000000000000010100
00000000000000000000000000000000
01100001011010110000000000111100
00000000000000000000000000000000
