00000000000000000000100000000000
00001000000000100000000000001111
00000000000000000000000000010011
00000000000000000000000000010101
00000000000000000000000000010110
00000000000000000000000000010111
00000000000000000000000000011000
00000000000000000000000000011100
00000000000000000000000000100000
00000000000000000000000000100100
00000000000000000000000000101000
00000000000000000000000000101100
00000000000000000000000000110000
00000000000000000000000000110100
00000000000000000000000000111000
00000000000000000000000000111100
00000000000000000000000001000000
00000000000000000000000001000100
00000000000000000000000001001000
00000000000000000000000001001100
00000000000000000000000001010000
00000000000000000000000001010100
00000000000000000000000001011000
00000000000000000000000001011100
00000000000000000000000001100000
00000000000000000000000001100100
00000000000000000000000001101000
00000000000000000000000001101100
00000000000000000000000001110000
00000000000000000000000001110100
00000000000000000000000001111000
00000000000000000000000001111100
00000000000000000000000010000000
00000000000000000000000010000100
00000000000000000000000010001000
00000000000000000000000010001100
00000000000000000000000010010000
00000000000000000000000010010100
00000000000000000000000010011000
00000000000000000000000010011100
00000000000000000000000010100000
00000000000000000000000010100100
00000000000000000000000010101000
00000000000000000000000010101100
00000000000000000000000010110000
00000000000000000000000010110100
00000000000000000000000010111000
00000000000000000000000010111100
00000000000000000000000011000000
00000000000000000000000011000100
00000000000000000000000011001000
00000000000000000000000011001100
00000000000000000000000011010000
00000000000000000000000011010100
00000000000000000000000011011000
00000000000000000000000011011100
00000000000000000000000011100000
00000000000000000000000011100100
00000000000000000000000011101000
00000000000000000000000011101100
00000000000000000000000011110000
00000000000000000000000011110100
00000000000000000000000011111000
00000000000000000000000011111100
00000000000000000000000100000000
00000000000000000000000100000100
00000000000000000000000100001000
00000000000000000000000100001100
00000000000000000000000100010000
00000000000000000000000100010100
00000000000000000000000100011000
00000000000000000000000100011100
00000000000000000000000100100000
00000000000000000000000100100100
00000000000000000000000100101000
00000000000000000000000100101100
00000000000000000000000100110000
00000000000000000000000100110100
00000000000000000000000100111000
00000000000000000000000100111100
00000000000000000000000101000000
00000000000000000000000101000100
00000000000000000000000101001000
00000000000000000000000101001100
00000000000000000000000101010000
00000000000000000000000101010100
00000000000000000000000101011000
00000000000000000000000101011100
00000000000000000000000101100000
00000000000000000000000101100100
00000000000000000000000101101000
00000000000000000000000101101100
00000000000000000000000101110000
00000000000000000000000101110100
00000000000000000000000101111000
00000000000000000000000101111100
00000000000000000000000110000000
00000000000000000000000110000100
00000000000000000000000110001000
00000000000000000000000110001100
00000000000000000000000110010000
00000000000000000000000110010100
00000000000000000000000110011000
00000000000000000000000110011100
00000000000000000000000110100000
00000000000000000000000110100100
00000000000000000000000110101000
00000000000000000000000110101100
00000000000000000000000110110000
00000000000000000000000110110100
00000000000000000000000110111000
00000000000000000000000110111100
00000000000000000000000111000000
00000000000000000000000111000100
00000000000000000000000111001000
00000000000000000000000111001100
00000000000000000000000111010000
00000000000000000000000111010100
00000000000000000000000111011000
00000000000000000000000111011100
00000000000000000000000111100000
00000000000000000000000111100100
00000000000000000000000111101000
00000000000000000000000111101100
00000000000000000000000111110000
00000000000000000000000111110100
00000000000000000000000111111000
00000000000000000000000111111100
00000000000000000000001000000000
00000000000000000000001000000100
00000000000000000000001000001000
00000000000000000000001000001100
00000000000000000000001000010000
00000000000000000000001000010100
00000000000000000000001000011000
00000000000000000000001000011100
00000000000000000000001000100000
00000000000000000000001000100100
00000000000000000000001000101000
00000000000000000000001000101100
00000000000000000000001000110000
00000000000000000000001000110100
00000000000000000000001000111000
00000000000000000000001000111100
00000000000000000000001001000000
00000000000000000000001001000100
00000000000000000000001001001000
00000000000000000000001001001100
00000000000000000000001001010000
00000000000000000000001001010100
00000000000000000000001001011000
00000000000000000000001001011100
00000000000000000000001001100000
00000000000000000000001001100100
00000000000000000000001001101000
00000000000000000000001001101100
00000000000000000000001001110000
00000000000000000000001001110100
00000000000000000000001001111000
00000000000000000000001001111100
00000000000000000000001010000000
00000000000000000000001010000100
00000000000000000000001010001000
00000000000000000000001010001100
00000000000000000000001010010000
00000000000000000000001010010100
00000000000000000000001010011000
00000000000000000000001010011100
00000000000000000000001010100000
00000000000000000000001010100100
00000000000000000000001010101000
00000000000000000000001010101100
00000000000000000000001010110000
00000000000000000000001010110100
00000000000000000000001010111000
00000000000000000000001010111100
00000000000000000000001011000000
00000000000000000000001011000100
00000000000000000000001011001000
00000000000000000000001011001100
00000000000000000000001011010000
00000000000000000000001011010100
00000000000000000000001011011000
00000000000000000000001011011100
00000000000000000000001011100000
00000000000000000000001011100100
00000000000000000000001011101000
00000000000000000000001011101100
00000000000000000000001011110000
00000000000000000000001011110100
00000000000000000000001011111000
00000000000000000000001011111100
00000000000000000000001100000000
00000000000000000000001100000100
00000000000000000000001100001000
00000000000000000000001100001100
00000000000000000000001100010000
00000000000000000000001100010100
00000000000000000000001100011000
00000000000000000000001100011100
00000000000000000000001100100000
00000000000000000000001100100100
00000000000000000000001100101000
00000000000000000000001100101100
00000000000000000000001100110000
00000000000000000000001100110100
00000000000000000000001100111000
00000000000000000000001100111100
00000000000000000000001101000000
00000000000000000000001101000100
00000000000000000000001101001000
00000000000000000000001101001100
00000000000000000000001101010000
00000000000000000000001101010100
00000000000000000000001101011000
00000000000000000000001101011100
00000000000000000000001101100000
00000000000000000000001101100100
00000000000000000000001101101000
00000000000000000000001101101100
00000000000000000000001101110000
00000000000000000000001101110100
00000000000000000000001101111000
00000000000000000000001101111100
00000000000000000000001110000000
00000000000000000000001110000100
00000000000000000000001110001000
00000000000000000000001110001100
00000000000000000000001110010000
00000000000000000000001110010100
00000000000000000000001110011000
00000000000000000000001110011100
00000000000000000000001110100000
00000000000000000000001110100100
00000000000000000000001110101000
00000000000000000000001110101100
00000000000000000000001110110000
00000000000000000000001110110100
00000000000000000000001110111000
00000000000000000000001110111100
00000000000000000000001111000000
00000000000000000000001111000100
00000000000000000000001111001000
00000000000000000000001111001100
00000000000000000000001111010000
00000000000000000000001111010100
00000000000000000000001111011000
00000000000000000000001111011100
00000000000000000000001111100000
00000000000000000000001111100100
00000000000000000000001111101000
00000000000000000000001111101100
00000000000000000000001111110000
00000000000000000000001111110100
00000000000000000000001111111000
00000000000000000000001111111100